0;148.000000
1;159.000000
2;159.000000
3;160.000000
4;152.000000
5;150.000000
6;153.000000
7;152.000000
8;153.000000
9;156.000000
10;147.000000
11;156.000000
12;163.000000
13;169.000000
14;159.000000
15;152.000000
16;151.000000
17;167.000000
18;170.000000
19;152.000000
20;149.000000
21;157.000000
22;166.000000
23;147.000000
24;152.000000
25;151.000000
26;158.000000
27;153.000000
28;160.000000
29;162.000000
30;168.000000
31;166.000000
32;170.000000
33;170.000000
34;161.000000
35;169.000000
36;150.000000
37;160.000000
38;154.000000
39;152.000000
40;154.000000
41;168.000000
42;154.000000
43;170.000000
44;158.000000
45;153.000000
46;151.000000
47;154.000000
48;152.000000
49;154.000000
50;151.000000
51;154.000000
52;152.000000
53;151.000000
54;154.000000
55;149.000000
56;149.000000
57;151.000000
58;154.000000
59;151.000000
60;151.000000
61;152.000000
62;154.000000
63;151.000000
64;151.000000
65;150.000000
66;151.000000
67;153.000000
68;150.000000
69;151.000000
70;151.000000
71;151.000000
72;151.000000
73;152.000000
74;157.000000
75;147.000000
76;151.000000
77;154.000000
78;151.000000
79;153.000000
80;160.000000
81;162.000000
82;152.000000
83;152.000000
84;155.000000
85;150.000000
86;151.000000
87;154.000000
88;151.000000
89;152.000000
90;153.000000
91;151.000000
92;152.000000
93;151.000000
94;152.000000
95;149.000000
96;157.000000
97;152.000000
98;153.000000
99;152.000000
