0;24.000000
1;29.000000
2;25.000000
3;27.000000
4;26.000000
5;22.000000
6;21.000000
7;21.000000
8;33.000000
9;24.000000
10;21.000000
11;25.000000
12;28.000000
13;26.000000
14;27.000000
15;24.000000
16;32.000000
17;21.000000
18;32.000000
19;20.000000
20;26.000000
21;20.000000
22;21.000000
23;35.000000
24;32.000000
25;21.000000
26;44.000000
27;42.000000
28;25.000000
29;21.000000
30;30.000000
31;26.000000
32;32.000000
33;22.000000
34;35.000000
35;28.000000
36;36.000000
37;26.000000
38;35.000000
39;31.000000
40;25.000000
41;31.000000
42;30.000000
43;32.000000
44;37.000000
45;26.000000
46;25.000000
47;25.000000
48;25.000000
49;28.000000
50;38.000000
51;22.000000
52;25.000000
53;36.000000
54;33.000000
55;30.000000
56;37.000000
57;29.000000
58;29.000000
59;29.000000
60;23.000000
61;29.000000
62;26.000000
63;33.000000
64;26.000000
65;28.000000
66;36.000000
67;22.000000
68;26.000000
69;25.000000
70;26.000000
71;28.000000
72;25.000000
73;28.000000
74;21.000000
75;19.000000
76;39.000000
77;22.000000
78;23.000000
79;22.000000
80;34.000000
81;32.000000
82;22.000000
83;26.000000
84;32.000000
85;35.000000
86;28.000000
87;34.000000
88;29.000000
89;29.000000
90;35.000000
91;34.000000
92;29.000000
93;36.000000
94;23.000000
95;25.000000
96;25.000000
97;26.000000
98;25.000000
99;25.000000
