0;30.000000
1;23.000000
2;23.000000
3;27.000000
4;24.000000
5;32.000000
6;33.000000
7;31.000000
8;27.000000
9;30.000000
10;27.000000
11;30.000000
12;26.000000
13;27.000000
14;23.000000
15;23.000000
16;27.000000
17;35.000000
18;34.000000
19;33.000000
20;33.000000
21;22.000000
22;28.000000
23;35.000000
24;23.000000
25;31.000000
26;27.000000
27;26.000000
28;27.000000
29;28.000000
30;33.000000
31;28.000000
32;33.000000
33;26.000000
34;34.000000
35;23.000000
36;34.000000
37;33.000000
38;34.000000
39;34.000000
40;33.000000
41;32.000000
42;31.000000
43;33.000000
44;32.000000
45;26.000000
46;34.000000
47;28.000000
48;22.000000
49;31.000000
50;25.000000
51;26.000000
52;27.000000
53;27.000000
54;27.000000
55;27.000000
56;32.000000
57;23.000000
58;26.000000
59;28.000000
60;26.000000
61;26.000000
62;27.000000
63;34.000000
64;23.000000
65;35.000000
66;26.000000
67;33.000000
68;24.000000
69;31.000000
70;41.000000
71;27.000000
72;30.000000
73;27.000000
74;27.000000
75;27.000000
76;27.000000
77;25.000000
78;31.000000
79;22.000000
80;27.000000
81;31.000000
82;26.000000
83;36.000000
84;23.000000
85;35.000000
86;24.000000
87;26.000000
88;26.000000
89;29.000000
90;23.000000
91;26.000000
92;28.000000
93;26.000000
94;32.000000
95;23.000000
96;34.000000
97;32.000000
98;26.000000
99;33.000000
