[5 pkt.] znajdz klucz, a nastêpnie zdeszyfruj kryptogram. Sufiks klucza to: c122c4efcc5bf7496b444e424ef872b177382c13b09f3979c48bb724 (d³ugoœci: 56):

iv: e2605c0289a4962a1c4bb90095d469d4


kryptogram: J2p8mphOD/ZrpKMLIm/tKBwqVaNHK0SH1NANrVYImEWB+xMRR0Oa21DDMKjQTg4T2QPL7rUnT4AxgAZPcdiz1ZeiR1HQbOINGhPULENfuzJ7m5MOVChPvqpZVwDh7zVA5fnpzN0dhJHN8UvCOAx1oRfUNTQDZtKaHqPf+bBhrQiAOkSFPKNpGwBZ6xZjfuZUJkBHVWUw2SLS5/rT+UcR3V0y68qD0n78jULOat9GjhK95ZschRYy0ExK6i6K26HzUes97BtRy2qrrXDOePyFVQqBtRGw1Bz0wPVrPk8vifoSu15vhxs1vzLCCMD+uTRTVTTNhv20OHvmZs1kYlzOdxi8oG45o3m0QnEAACXOoGZZjcbXZm1tYbwPzM+1qT9vI4nG1N3TXUdj1SHT24tX09jrLRQWVcaADVDtm/DOfIiwDK9k6FhmdQPMbzgrBqEpYH+lr0lyGMSQ5AmuSJxNqLlHQ1K7sd2sURtYqvMvpqSTa7QKUA0QzqPVP080cSt7A/GOqIP5y2IhO+fDtxGy3A==

01010000 00001101 00010000 11001110 10100011 11010101 00111111 01001111 00110100 01110001 00101011 01111011 00000011 11110001 10001110 10101000 10000011 11111001 11001011 01100010 00100001 00111011 11100111 11000011 10110111 00010001 10110010 11011100 



[3 pkt.] znajdz klucz, a nastêpnie zdeszyfruj kryptogram. Sufiks klucza to: 53387fb5928cfc2322b7e9c1335bcd3b8d2944d93f4b31085523ca1 (d³ugoœci: 55):

iv: 2f64a0e0d4e8d3c0f408ccb99e92ab0b


kryptogram: WmiPfFOPUEJwGrY7et/XuULVbZQlnfsUGykU/IvOBJ7kFy6GJvw/MS6j6yhq/mE6bi0J7yZzyA/VqNBVPqrAR/CKbJT0Plm/kLgJGzcQYtL3AjxS8ZDG9OjozpPjBZGSUnwmorUzc98EjgZEqKRjDw==

01011010 01101000 10001111 01111100 01010011 10001111 01010000 01000010 01110000 00011010 10110110 00111011 01111010 11011111 11010111 10111001 01000010 11010101 01101101 10010100 00100101 10011101 11111011 00010100 00011011 00101001 00010100 11111100 10001011 11001110 00000100 10011110 11100100 00010111 00101110 10000110 00100110 11111100 00111111 00110001 00101110 10100011 11101011 00101000 01101010 11111110 01100001 00111010 01101110 00101101 00001001 11101111 00100110 01110011 11001000 00001111 11010101 10101000 11010000 01010101 00111110 10101010 11000000 01000111 11110000 10001010 01101100 10010100 11110100 00111110 01011001 10111111 10010000 10111000 00001001 00011011 00110111 00010000 01100010 11010010 11110111 00000010 00111100 01010010 11110001 10010000 11000110 11110100 11101000 11101000 11001110 10010011 11100011 00000101 10010001 10010010 01010010 01111100 00100110 10100010 10110101 00110011 01110011 11011111 00000100 10001110 00000110 01000100 10101000 10100100 01100011 00001111 



[2 pkt.] znajdz klucz, a nastêpnie zdeszyfruj kryptogram. Sufiks klucza to: 1fa1a7b218ef31315db02d782864e799ef985d45c9c22021746b96 (d³ugoœci: 54):

iv: 864234d5e369ef98e42bd51cab83448b


kryptogram: vP7TPE4/rw9+0yMsL/QZT2Hw0k4ndKpaWNvKEbG0nKIm1UUcaSgLeVVrUZdoKoFF

10111100 11111110 11010011 00111100 01001110 00111111 10101111 00001111 01111110 11010011 00100011 00101100 00101111 11110100 00011001 01001111 01100001 11110000 11010010 01001110 00100111 01110100 10101010 01011010 01011000 11011011 11001010 00010001 10110001 10110100 10011100 10100010 00100110 11010101 01000101 00011100 01101001 00101000 00001011 01111001 01010101 01101011 01010001 10010111 01101000 00101010 10000001 01000101 



[1 pkt.] znajdz klucz, a nastêpnie zdeszyfruj kryptogram. Sufiks klucza to: b8e52134c21c6002a20f69e10ec19092b211dd406fb05780b6f9a (d³ugoœci: 53):

iv: 3be2c7311602ba1b35f7c51579522ff4


kryptogram: 7u2Bp+pFhz+MN/tsOdFZ6SVZnKkdAZhEP3cN34l0QsA0COq6QKZlG67Ck+nlzGyQ0Y/6DI5/aLnrrMzz6s/vLA==

11101110 11101101 10000001 10100111 11101010 01000101 10000111 00111111 10001100 00110111 11111011 01101100 00111001 11010001 01011001 11101001 00100101 01011001 10011100 10101001 00011101 00000001 10011000 01000100 00111111 01110111 00001101 11011111 10001001 01110100 01000010 11000000 00110100 00001000 11101010 10111010 01000000 10100110 01100101 00011011 10101110 11000010 10010011 11101001 11100101 11001100 01101100 10010000 11010001 10001111 11111010 00001100 10001110 01111111 01101000 10111001 11101011 10101100 11001100 11110011 11101010 11001111 11101111 00101100 



[1 pkt.] znajdz klucz, a nastêpnie zdeszyfruj kryptogram. Sufiks klucza to: e00ac68c6bcc80482fba80e30c4048e020266dbd667adb1b9db2 (d³ugoœci: 52):

iv: 2763dadd415c0b97ce1e34b3f82bd5a6


kryptogram: UpTWvAkoWnQAQgMSG31/njKbrAs1+SOmgBfYMQEQYN2TakK31u84yI7t70drAEwn8+m2VHo5KrnjIef6QR5qgQ3L/tNnPkY2pU2Zw3rhf6hFgjMI/X5TIs9VwNcwo5QM

01010010 10010100 11010110 10111100 00001001 00101000 01011010 01110100 00000000 01000010 00000011 00010010 00011011 01111101 01111111 10011110 00110010 10011011 10101100 00001011 00110101 11111001 00100011 10100110 10000000 00010111 11011000 00110001 00000001 00010000 01100000 11011101 10010011 01101010 01000010 10110111 11010110 11101111 00111000 11001000 10001110 11101101 11101111 01000111 01101011 00000000 01001100 00100111 11110011 11101001 10110110 01010100 01111010 00111001 00101010 10111001 11100011 00100001 11100111 11111010 01000001 00011110 01101010 10000001 00001101 11001011 11111110 11010011 01100111 00111110 01000110 00110110 10100101 01001101 10011001 11000011 01111010 11100001 01111111 10101000 01000101 10000010 00110011 00001000 11111101 01111110 01010011 00100010 11001111 01010101 11000000 11010111 00110000 10100011 10010100 



[1 pkt.] znajdz klucz, a nastêpnie zdeszyfruj kryptogram. Sufiks klucza to: 5df6c64ae3c120845aa8c69eaa1856a84656f2fc01c73029aa7 (d³ugoœci: 51):

iv: ab9d9ca34b3190399da4a50e26432ffd


kryptogram: m4+7t3ClffaUS45zqtcKJM8HxGW/XcBj9P7j1woeVE9KRCILDJbSftuF7VJgmaHOijd1zcVBGiISOStGxxCBOBtEYPE0crpRBIYpmt6hlyl1j0gF4DOSS2V8RWu5s4zAkHSbfxlT2mA5lKT+nyqX0Zt4Gb6AyG8VlNP7S3kfVgZvF9bKokK6FswNLrD1YLxUJg9RWuMUHD2iqS67zKr4qHcucc+hWEtQKerlb3rIhfk=

00011110 01010100 01001111 01001010 01000100 00100010 00001011 00001100 10010110 11010010 01111110 11011011 10000101 11101101 01010010 01100000 10011001 10100001 11001110 10001010 00110111 01110101 11001101 11000101 01000001 00011010 00100010 00010010 00111001 00101011 01000110 11000111 00010000 10000001 00111000 00011011 01000100 01100000 11110001 00110100 01110010 10111010 01010001 00000100 10000110 00101001 10011010 11011110 10100001 10010111 00101001 01110101 10001111 01001000 00000101 11100000 00110011 10010010 01001011 01100101 01111100 01000101 01101011 10111001 10110011 10001100 11000000 10010000 01110100 10011011 01111111 00011001 01010011 11011010 01100000 00111001 10010100 10100100 11111110 10011111 00101010 10010111 11010001 10011011 01111000 00011001 10111110 10000000 11001000 01101111 00010101 10010100 11010011 11111011 01001011 01111001 00011111 01010110 00000110 01101111 00010111 11010110 11001010 10100010 01000010 10111010 00010110 11001100 00001101 00101110 10110000 11110101 01100000 10111100 01010100 00100110 00001111 01010001 01011010 11100011 00010100 00011100 00111101 10100010 10101001 00101110 10111011 11001100 10101010 11111000 10101000 01110111 00101110 01110001 11001111 10100001 01011000 01001011 01010000 00101001 11101010 11100101 01101111 01111010 11001000 10000101 11111001 



[1 pkt.] znajdz klucz, a nastêpnie zdeszyfruj kryptogram. Sufiks klucza to: 850b659ccccb97bed56afbdfc16ef7c6ce7b2ec98dabbafdbc (d³ugoœci: 50):

iv: 3a22d948a0a3113fa73e7aabf7bf3fc7


kryptogram: w7ek0tEpFthfNxMj09L9x+PnAsLvhw+IqU16bZSRnJCgNuWyi9jbqJpGn5KXpD6/vPQEwX8VqAumBLLDkHtum6ZGH1jlWG0S/B4IXzWzx/XqdPyIshzsjylBfUltnkSAqmhsCBVObcurFvSmsDdSUp8c95xaZJ0FSu0mQ70WGIS7mF2eN32HpLZFvT06TLDdrsb0hDME4qEXiYsK15phVg==

11010111 10011010 01100001 01010110 



[1 pkt.] znajdz klucz, a nastêpnie zdeszyfruj kryptogram. Sufiks klucza to: 0712f6f29973f341bcc0d2845cd220ffcaeec67b49f973c1c (d³ugoœci: 49):

iv: 926a1fbbe69f2c9f753ecf560729b759


kryptogram: E+m+Yikzx+1+/ZdNv3Oim4TyjBS4pInNGYmQIVJPCyjnSiXePtUmmiHX3QMyfzADv2hwHSiKhum4KO/KHKxPu1m/05WLiyC0IamJIxsUtnq0byDPdsRmQU0IL9IZsBqwWgxTRktXUnbm9shh/PsIhYNbK4gFtkP1BZtonSECy7k=

00010011 11101001 10111110 01100010 00101001 00110011 11000111 11101101 01111110 11111101 10010111 01001101 10111111 01110011 10100010 10011011 10000100 11110010 10001100 00010100 10111000 10100100 10001001 11001101 00011001 10001001 10010000 00100001 01010010 01001111 00001011 00101000 11100111 01001010 00100101 11011110 00111110 11010101 00100110 10011010 00100001 11010111 11011101 00000011 00110010 01111111 00110000 00000011 10111111 01101000 01110000 00011101 00101000 10001010 10000110 11101001 10111000 00101000 11101111 11001010 00011100 10101100 01001111 10111011 01011001 10111111 11010011 10010101 10001011 10001011 00100000 10110100 00100001 10101001 10001001 00100011 00011011 00010100 10110110 01111010 10110100 01101111 00100000 11001111 01110110 11000100 01100110 01000001 01001101 00001000 00101111 11010010 00011001 10110000 00011010 10110000 01011010 00001100 01010011 01000110 01001011 01010111 01010010 01110110 11100110 11110110 11001000 01100001 11111100 11111011 00001000 10000101 10000011 01011011 00101011 10001000 00000101 10110110 01000011 11110101 00000101 10011011 01101000 10011101 00100001 00000010 11001011 10111001


# /usr/bin/openssl enc -d -aes-256-cbc -base64 -K dd3a0cb1f7fc36e8003e30d2522a66e97abc549d7870b258234efc9f4ee0ee42 -iv a44fba66d41fe5ae4a4ac3d0a76fee74 <<< "UXAZItgffAt0NYncw7y2WBaSBjATAgJKfq8XTnci+2ILFfrwKaG0d6GDiWKZYl2+cOcjyG8PKXRRsYaemfw/w0nUoiYvPlTykDHk1aYfjEkO90iTd11KEdvo+AZzzOVEXFewQLHx63PJSMxm1aWjjA=="

#7==> Possible solution: ?l GB.Pzb_X??? from prefix: 70331b2d